{
  "documentId": "00a29a282f09617eb4e6646e",
  "documentMicroversion": "718d726dcfe3650377e247a2",
  "elementId": "350916c8ef7250e5316cdcf4",
  "fullConfiguration": "default",
  "parts": [
    "2f9ead3b0508874ad9e20c99_76273698c20e33660a50be5a_c2dd27f9ead4bdcddfd6d711_default_jjeei.x_t",
    "88626652bd40cb57603c1350_7453d09a6bcf73470b99a028_5f00106cb356d719fc60f1b6_default_jjfui.x_t",
    "463661954bfb7852673e13f8_9efb6b7631b8f4169f96d3f7_a2e707d3b8a9bb6b94dc8c0e_default_jjeei.x_t",
    "6cca0c521b830b4cdfec7073_ea950ddd80e7281723fe828e_9b919cd0e18ac0ef5e3d8cbc_default_jjeei.x_t",
    "2476eea786f7fc734625b2d1_a8deff2fa06ed1a0f5e223f9_86cd034ed5e4b32567128ec7_default_jjeei.x_t"
  ],
  "occurrences": [
    {
      "name": "Part 1 <1>",
      "part": 2,
      "transform": [
        1.0,
        0.0,
        0.0,
        -0.0074433013796806335,
        0.0,
        1.0,
        0.0,
        -0.0008086138404905865,
        0.0,
        0.0,
        1.0,
        -0.006357891312634457,
        0.0,
        0.0,
        0.0,
        1.0
      ],
      "fixed": true
    },
    {
      "name": "Part 1 <2>",
      "part": 1,
      "transform": [
        0.7071067811865384,
        -0.7071067811865895,
        3.2975177200549047e-16,
        -0.02271150745767507,
        2.33169714093347e-16,
        -2.3316971409336423e-16,
        -1.000000000000029,
        0.11701342551354743,
        0.7071067811865569,
        0.7071067811865568,
        3.0132056746221263e-31,
        -0.006357891312635144,
        0.0,
        0.0,
        0.0,
        1.0
      ],
      "fixed": false
    },
    {
      "name": "Part 1 <3>",
      "part": 1,
      "transform": [
        2.8881501215784507e-32,
        -9.860761315262644e-32,
        -1.0000000000000009,
        0.11037873797435507,
        -0.7071067811865478,
        0.707106781186548,
        4.930380657631324e-32,
        0.014459592237511573,
        0.707106781186548,
        0.7071067811865478,
        -4.930380657631324e-32,
        -0.006357891312634506,
        0.0,
        0.0,
        0.0,
        1.0
      ],
      "fixed": false
    },
    {
      "name": "Part 1 <4>",
      "part": 1,
      "transform": [
        -2.4391384772101237e-17,
        2.439138477210096e-17,
        1.0000000000000218,
        -0.015589107346347574,
        -0.707106781186551,
        0.707106781186551,
        -3.4494627149758835e-17,
        -0.09521664114985823,
        -0.7071067811865511,
        -0.7071067811865511,
        -2.9577223201161383e-31,
        0.4000421086873676,
        0.0,
        0.0,
        0.0,
        1.0
      ],
      "fixed": false
    },
    {
      "name": "Part 1 <5>",
      "part": 1,
      "transform": [
        2.3316971409335043e-16,
        -2.3316971409335043e-16,
        -1.000000000000001,
        0.0007025045869854252,
        -0.707106781186548,
        0.707106781186548,
        -3.2975177200547336e-16,
        -0.09521664114985799,
        0.707106781186548,
        0.707106781186548,
        0.0,
        -0.0063578913126344505,
        0.0,
        0.0,
        0.0,
        1.0
      ],
      "fixed": false
    },
    {
      "name": "Part 1 <6>",
      "part": 3,
      "transform": [
        1.0000000000000322,
        -3.297517720054774e-16,
        4.758347212557043e-31,
        -0.007443301379679468,
        3.2975177200548263e-16,
        1.0000000000000098,
        -1.1102230246251664e-16,
        -0.0008086138404902396,
        2.6840834227018353e-31,
        1.1102230246251664e-16,
        1.0000000000000098,
        0.1841421086873656,
        0.0,
        0.0,
        0.0,
        1.0
      ],
      "fixed": false
    },
    {
      "name": "Part 1 <7>",
      "part": 0,
      "transform": [
        1.0000000000000158,
        1.8568823252732348e-30,
        4.930380657631348e-32,
        -0.014826576459416957,
        1.8977269359942906e-30,
        1.0000000000000075,
        1.110223024625162e-16,
        -0.008191888920226487,
        1.4791141972894072e-31,
        -1.110223024625167e-16,
        1.0000000000000075,
        0.2641521086873656,
        0.0,
        0.0,
        0.0,
        1.0
      ],
      "fixed": false
    },
    {
      "name": "Part 1 <8>",
      "part": 4,
      "transform": [
        1.000000000000022,
        3.449462714976596e-17,
        1.9721522630525295e-31,
        -0.007240584685996608,
        -3.449462714975884e-17,
        1.000000000000005,
        0.0,
        -0.054503730534175496,
        -2.9577223201161387e-31,
        0.0,
        1.000000000000005,
        0.2666921086873676,
        0.0,
        0.0,
        0.0,
        1.0
      ],
      "fixed": false
    }
  ],
  "mates": [
    {
      "name": "Planar 1",
      "mateType": "PLANAR",
      "occurrences": [
        0,
        1
      ],
      "frames": [
        [
          1.0,
          0.0,
          0.0,
          -1.3587831102748372e-17,
          0.0,
          -1.0,
          0.0,
          1.1096728733911171e-17,
          0.0,
          0.0,
          -1.0,
          0.0,
          0.0,
          0.0,
          0.0,
          1.0
        ],
        [
          0.7071067811865476,
          0.0,
          -0.7071067811865476,
          -0.027980152127294725,
          -0.7071067811865476,
          0.0,
          -0.7071067811865476,
          0.027980152127294725,
          0.0,
          1.0000000000000002,
          0.0,
          0.0629839226603508,
          0.0,
          0.0,
          0.0,
          1.0
        ]
      ]
    },
    {
      "name": "Parallel 1",
      "mateType": "PARALLEL",
      "occurrences": [
        0,
        1
      ],
      "frames": [
        [
          1.0,
          0.0,
          -3.297517720054731e-16,
          -0.04612088139262877,
          3.297517720054731e-16,
          0.0,
          1.0,
          0.035788116693684764,
          0.0,
          -1.0,
          0.0,
          0.006282140854847264,
          0.0,
          0.0,
          0.0,
          1.0
        ],
        [
          1.0,
          0.0,
          -0.0,
          0.12412760565649736,
          0.0,
          -1.0,
          -0.0,
          0.1632405902177148,
          0.0,
          0.0,
          -1.0,
          0.08203392266035085,
          0.0,
          0.0,
          0.0,
          1.0
        ]
      ]
    },
    {
      "name": "Parallel 2",
      "mateType": "PARALLEL",
      "occurrences": [
        0,
        1
      ],
      "frames": [
        [
          -3.2975177200547287e-16,
          -0.0,
          -1.0,
          -0.035788116693684806,
          1.0,
          0.0,
          -3.2975177200547287e-16,
          0.04612088139262876,
          0.0,
          -1.0,
          0.0,
          0.006350000000000002,
          0.0,
          0.0,
          0.0,
          1.0
        ],
        [
          -0.0,
          -0.7071067811865476,
          -0.7071067811865476,
          0.12917432999141545,
          -0.0,
          -0.7071067811865476,
          0.7071067811865476,
          0.1581938658827974,
          -1.0,
          0.0,
          -0.0,
          0.07489576066035081,
          0.0,
          0.0,
          0.0,
          1.0
        ]
      ]
    },
    {
      "name": "Planar 2",
      "mateType": "PLANAR",
      "occurrences": [
        0,
        3
      ],
      "frames": [
        [
          1.0,
          0.0,
          0.0,
          -1.0408340855860843e-17,
          0.0,
          -1.0,
          0.0,
          -3.469446951953614e-18,
          0.0,
          0.0,
          -1.0,
          0.0,
          0.0,
          0.0,
          0.0,
          1.0
        ],
        [
          -0.0,
          0.7071067811865476,
          0.7071067811865476,
          0.2593880437469182,
          -0.0,
          -0.7071067811865476,
          0.7071067811865476,
          0.31534834800150763,
          1.0,
          0.0,
          0.0,
          0.0629839226603508,
          0.0,
          0.0,
          0.0,
          1.0
        ]
      ]
    },
    {
      "name": "Parallel 3",
      "mateType": "PARALLEL",
      "occurrences": [
        0,
        3
      ],
      "frames": [
        [
          1.0,
          -0.0,
          3.297517720054731e-16,
          0.04612088139262877,
          3.297517720054731e-16,
          0.0,
          -1.0,
          -0.035788116693684764,
          0.0,
          1.0,
          0.0,
          0.006350000000000003,
          0.0,
          0.0,
          0.0,
          1.0
        ],
        [
          -0.0,
          -0.7071067811865476,
          0.7071067811865476,
          0.10223356162820803,
          -0.0,
          -0.7071067811865476,
          -0.7071067811865476,
          0.1851346342460049,
          1.0,
          -0.0,
          -0.0,
          0.0510720846603508,
          0.0,
          0.0,
          0.0,
          1.0
        ]
      ]
    },
    {
      "name": "Parallel 4",
      "mateType": "PARALLEL",
      "occurrences": [
        3,
        0
      ],
      "frames": [
        [
          1.0,
          0.0,
          0.0,
          0.10728100438361586,
          0.0,
          -1.0,
          0.0,
          0.18008719149059776,
          0.0,
          0.0,
          -1.0,
          0.04393392266035078,
          0.0,
          0.0,
          0.0,
          1.0
        ],
        [
          -0.0,
          3.297517720054731e-16,
          -1.0,
          0.035788116693684806,
          -0.0,
          -1.0,
          -3.297517720054731e-16,
          -0.04612088139262876,
          -1.0,
          0.0,
          -0.0,
          0.006350000000000002,
          0.0,
          0.0,
          0.0,
          1.0
        ]
      ]
    },
    {
      "name": "Planar 3",
      "mateType": "PLANAR",
      "occurrences": [
        0,
        2
      ],
      "frames": [
        [
          1.0,
          0.0,
          0.0,
          -1.0408340855860843e-17,
          0.0,
          -1.0,
          0.0,
          -3.469446951953614e-18,
          0.0,
          0.0,
          -1.0,
          0.0,
          0.0,
          0.0,
          0.0,
          1.0
        ],
        [
          -0.0,
          0.7071067811865476,
          -0.7071067811865476,
          -0.024266277405865365,
          -0.0,
          -0.7071067811865476,
          -0.7071067811865476,
          0.024266277405865365,
          -1.0,
          0.0,
          0.0,
          0.0711279246603508,
          0.0,
          0.0,
          0.0,
          1.0
        ]
      ]
    },
    {
      "name": "Parallel 5",
      "mateType": "PARALLEL",
      "occurrences": [
        2,
        0
      ],
      "frames": [
        [
          0.7071067811865476,
          -0.0,
          0.7071067811865476,
          0.12917432999141545,
          0.7071067811865476,
          0.0,
          -0.7071067811865476,
          0.1581938658827974,
          0.0,
          1.0000000000000002,
          0.0,
          0.07489576066035081,
          0.0,
          0.0,
          0.0,
          1.0
        ],
        [
          -0.0,
          -1.0,
          3.29751772005473e-16,
          0.04612088139262875,
          -0.0,
          -3.29751772005473e-16,
          -1.0,
          0.0357881166936848,
          1.0,
          -0.0,
          -0.0,
          0.006350000000000003,
          0.0,
          0.0,
          0.0,
          1.0
        ]
      ]
    },
    {
      "name": "Parallel 6",
      "mateType": "PARALLEL",
      "occurrences": [
        0,
        2
      ],
      "frames": [
        [
          0.0,
          0.0,
          1.0,
          0.035788116693684785,
          1.0,
          0.0,
          0.0,
          0.04612088139262878,
          0.0,
          1.0,
          0.0,
          0.0063500000000000015,
          0.0,
          0.0,
          0.0,
          1.0
        ],
        [
          0.0,
          1.0,
          -0.0,
          0.12412760565649736,
          1.0,
          0.0,
          -0.0,
          0.1632405902177148,
          0.0,
          0.0,
          -1.0,
          0.08203392266035085,
          0.0,
          0.0,
          0.0,
          1.0
        ]
      ]
    },
    {
      "name": "Planar 4",
      "mateType": "PLANAR",
      "occurrences": [
        0,
        4
      ],
      "frames": [
        [
          1.0,
          0.0,
          0.0,
          -1.0408340855860843e-17,
          0.0,
          -1.0,
          0.0,
          -3.469446951953614e-18,
          0.0,
          0.0,
          -1.0,
          0.0,
          0.0,
          0.0,
          0.0,
          1.0
        ],
        [
          -0.0,
          0.7071067811865476,
          -0.7071067811865476,
          -0.027980152127294725,
          -0.0,
          -0.7071067811865476,
          -0.7071067811865476,
          0.027980152127294725,
          -1.0,
          0.0,
          0.0,
          0.0629839226603508,
          0.0,
          0.0,
          0.0,
          1.0
        ]
      ]
    },
    {
      "name": "Parallel 7",
      "mateType": "PARALLEL",
      "occurrences": [
        0,
        4
      ],
      "frames": [
        [
          0.0,
          0.0,
          -1.0,
          -0.035788116693684785,
          1.0,
          0.0,
          0.0,
          -0.04612088139262877,
          0.0,
          -1.0,
          0.0,
          0.006349999999999999,
          0.0,
          0.0,
          0.0,
          1.0
        ],
        [
          -0.0,
          -1.0,
          -0.0,
          0.10728100438361586,
          1.0,
          -0.0,
          -0.0,
          0.18008719149059776,
          -0.0,
          -0.0,
          1.0,
          0.04393392266035078,
          0.0,
          0.0,
          0.0,
          1.0
        ]
      ]
    },
    {
      "name": "Parallel 8",
      "mateType": "PARALLEL",
      "occurrences": [
        0,
        4
      ],
      "frames": [
        [
          1.0,
          -0.0,
          3.29751772005473e-16,
          -0.046120881392628765,
          3.29751772005473e-16,
          0.0,
          -1.0,
          -0.0357881166936848,
          0.0,
          1.0,
          0.0,
          0.006350000000000002,
          0.0,
          0.0,
          0.0,
          1.0
        ],
        [
          0.0,
          0.7071067811865476,
          0.7071067811865476,
          0.10223356162820803,
          0.0,
          0.7071067811865476,
          -0.7071067811865476,
          0.1851346342460049,
          -1.0,
          0.0,
          -0.0,
          0.0510720846603508,
          0.0,
          0.0,
          0.0,
          1.0
        ]
      ]
    },
    {
      "name": "Parallel 9",
      "mateType": "PARALLEL",
      "occurrences": [
        5,
        3
      ],
      "frames": [
        [
          1.0,
          -0.0,
          3.297517720054731e-16,
          0.04612088139262878,
          3.297517720054731e-16,
          0.0,
          -1.0,
          -0.03578811669368477,
          0.0,
          1.0,
          0.0,
          0.0063500000000000015,
          0.0,
          0.0,
          0.0,
          1.0
        ],
        [
          -0.0,
          -0.7071067811865476,
          0.7071067811865476,
          0.10223356162820803,
          -0.0,
          -0.7071067811865476,
          -0.7071067811865476,
          0.1851346342460049,
          1.0,
          -0.0,
          -0.0,
          0.0510720846603508,
          0.0,
          0.0,
          0.0,
          1.0
        ]
      ]
    },
    {
      "name": "Parallel 10",
      "mateType": "PARALLEL",
      "occurrences": [
        5,
        1
      ],
      "frames": [
        [
          -3.2975177200547287e-16,
          -0.0,
          -1.0,
          -0.035788116693684806,
          1.0,
          0.0,
          -3.2975177200547287e-16,
          0.04612088139262876,
          0.0,
          -1.0,
          0.0,
          0.006350000000000002,
          0.0,
          0.0,
          0.0,
          1.0
        ],
        [
          -0.0,
          -0.7071067811865476,
          -0.7071067811865476,
          0.12917432999141545,
          -0.0,
          -0.7071067811865476,
          0.7071067811865476,
          0.1581938658827974,
          -1.0,
          0.0,
          -0.0,
          0.07489576066035081,
          0.0,
          0.0,
          0.0,
          1.0
        ]
      ]
    },
    {
      "name": "Parallel 11",
      "mateType": "PARALLEL",
      "occurrences": [
        5,
        3
      ],
      "frames": [
        [
          1.0,
          0.0,
          0.0,
          -3.0624452015270283e-17,
          0.0,
          1.0,
          0.0,
          5.7563570278482735e-18,
          0.0,
          0.0,
          1.0,
          0.012700000000000012,
          0.0,
          0.0,
          0.0,
          1.0
        ],
        [
          0.0,
          -0.7071067811865476,
          -0.7071067811865476,
          -0.027980152127294725,
          0.0,
          0.7071067811865476,
          -0.7071067811865476,
          0.027980152127294725,
          1.0,
          0.0,
          0.0,
          0.0629839226603508,
          0.0,
          0.0,
          0.0,
          1.0
        ]
      ]
    },
    {
      "name": "Parallel 12",
      "mateType": "PARALLEL",
      "occurrences": [
        6,
        2
      ],
      "frames": [
        [
          1.0,
          0.0,
          -5.46275064646587e-16,
          0.05587139177342044,
          5.46275064646587e-16,
          0.0,
          1.0,
          0.043171391773420414,
          0.0,
          -1.0,
          0.0,
          1.5995669366083127e-19,
          0.0,
          0.0,
          0.0,
          1.0
        ],
        [
          -0.0,
          -0.7071067811865476,
          -0.7071067811865476,
          0.12917432999141545,
          -0.0,
          -0.7071067811865476,
          0.7071067811865476,
          0.1581938658827974,
          -1.0,
          0.0,
          -0.0,
          0.07489576066035081,
          0.0,
          0.0,
          0.0,
          1.0
        ]
      ]
    },
    {
      "name": "Parallel 13",
      "mateType": "PARALLEL",
      "occurrences": [
        6,
        2
      ],
      "frames": [
        [
          0.0,
          0.0,
          1.0,
          0.043171391773420435,
          1.0,
          0.0,
          0.0,
          0.05587139177342041,
          0.0,
          1.0,
          0.0,
          1.5941839707900666e-19,
          0.0,
          0.0,
          0.0,
          1.0
        ],
        [
          0.0,
          1.0,
          -0.0,
          0.12412760565649736,
          1.0,
          0.0,
          -0.0,
          0.1632405902177148,
          0.0,
          0.0,
          -1.0,
          0.08203392266035085,
          0.0,
          0.0,
          0.0,
          1.0
        ]
      ]
    },
    {
      "name": "Parallel 14",
      "mateType": "PARALLEL",
      "occurrences": [
        6,
        2
      ],
      "frames": [
        [
          1.0,
          0.0,
          0.0,
          0.043171391773420435,
          0.0,
          1.0,
          0.0,
          0.04317139177342041,
          0.0,
          0.0,
          1.0,
          0.00889,
          0.0,
          0.0,
          0.0,
          1.0
        ],
        [
          0.0,
          -0.7071067811865476,
          0.7071067811865476,
          0.25567416902548884,
          0.0,
          0.7071067811865476,
          0.7071067811865476,
          0.319062222722937,
          -1.0,
          0.0,
          0.0,
          0.054839920660350795,
          0.0,
          0.0,
          0.0,
          1.0
        ]
      ]
    },
    {
      "name": "Parallel 15",
      "mateType": "PARALLEL",
      "occurrences": [
        7,
        3
      ],
      "frames": [
        [
          -3.642463991552351e-16,
          0.0,
          1.0,
          0.035585399999999996,
          1.0,
          -0.0,
          3.642463991552351e-16,
          -7.718152137665175e-19,
          0.0,
          1.0,
          0.0,
          3.3159468443302234e-18,
          0.0,
          0.0,
          0.0,
          1.0
        ],
        [
          -0.0,
          -1.0,
          -0.0,
          0.12412688723600762,
          1.0,
          -0.0,
          -0.0,
          0.16324130863820646,
          -0.0,
          -0.0,
          1.0,
          0.04393392266035078,
          0.0,
          0.0,
          0.0,
          1.0
        ]
      ]
    },
    {
      "name": "Parallel 16",
      "mateType": "PARALLEL",
      "occurrences": [
        7,
        3
      ],
      "frames": [
        [
          1.0,
          0.0,
          0.0,
          0.0323977,
          0.0,
          1.0,
          0.0,
          8.639061135342653e-19,
          0.0,
          0.0,
          1.0,
          0.025400000000000002,
          0.0,
          0.0,
          0.0,
          1.0
        ],
        [
          0.0,
          -0.7071067811865476,
          -0.7071067811865476,
          -0.026635089365480986,
          0.0,
          0.7071067811865476,
          -0.7071067811865476,
          0.026635089365480986,
          1.0,
          0.0,
          0.0,
          0.0562275226603508,
          0.0,
          0.0,
          0.0,
          1.0
        ]
      ]
    },
    {
      "name": "Parallel 17",
      "mateType": "PARALLEL",
      "occurrences": [
        3,
        7
      ],
      "frames": [
        [
          0.7071067811865476,
          -0.0,
          0.7071067811865476,
          0.12917432999141543,
          0.7071067811865476,
          0.0,
          -0.7071067811865476,
          0.15819386588279738,
          0.0,
          1.0000000000000002,
          0.0,
          0.0510720846603508,
          0.0,
          0.0,
          0.0,
          1.0
        ],
        [
          -0.0,
          1.0,
          0.0,
          0.03004222991452992,
          -0.0,
          0.0,
          -1.0,
          -0.00952499999999999,
          -1.0,
          -0.0,
          0.0,
          9.351165912048095e-19,
          0.0,
          0.0,
          0.0,
          1.0
        ]
      ]
    },
    {
      "name": "Parallel 18",
      "mateType": "PARALLEL",
      "occurrences": [
        7,
        3
      ],
      "frames": [
        [
          1.0,
          0.0,
          0.0,
          3.4632767200629903e-18,
          0.0,
          1.0,
          0.0,
          1.3358353063100105e-17,
          0.0,
          0.0,
          1.0,
          0.006350000000000002,
          0.0,
          0.0,
          0.0,
          1.0
        ],
        [
          0.0,
          -0.7071067811865476,
          -0.7071067811865476,
          -0.01822193641845735,
          0.0,
          0.7071067811865476,
          -0.7071067811865476,
          0.01822193641845735,
          1.0,
          0.0,
          0.0,
          0.0732709226603508,
          0.0,
          0.0,
          0.0,
          1.0
        ]
      ]
    }
  ],
  "workspaceId": "15c502ccf6e852bc001cf5d7",
  "onshape_url": "https://cad.onshape.com/documents/00a29a282f09617eb4e6646e/w/15c502ccf6e852bc001cf5d7/m/718d726dcfe3650377e247a2/e/350916c8ef7250e5316cdcf4"
}