{
  "documentId": "00a8b01ca7ec295c9dc160ee",
  "documentMicroversion": "89708b196fd562c8408e7558",
  "elementId": "7a9170991cfad91c4d108dd3",
  "fullConfiguration": "default",
  "parts": [
    "00a8b01ca7ec295c9dc160ee_89708b196fd562c8408e7558_5016994c7bfb4ae2f458ad0c_default_jjeei.x_t",
    "00a8b01ca7ec295c9dc160ee_89708b196fd562c8408e7558_212d4781039962d7bbcb8711_default_jjeei.x_t",
    "00a8b01ca7ec295c9dc160ee_89708b196fd562c8408e7558_3051bd98931d9b00819939c7_default_jjeei.x_t",
    "00a8b01ca7ec295c9dc160ee_89708b196fd562c8408e7558_d2cf9be1d79341d15e818d5d_default_jjeei.x_t",
    "00a8b01ca7ec295c9dc160ee_89708b196fd562c8408e7558_597b7ca2796a4e901eab8070_default_jjeei.x_t"
  ],
  "occurrences": [
    {
      "name": "Part 1 <1>",
      "part": 3,
      "transform": [
        1.0,
        0.0,
        0.0,
        -0.0010326580734316623,
        0.0,
        1.0,
        0.0,
        -0.026061407894644114,
        0.0,
        0.0,
        1.0,
        0.011743110753745019,
        0.0,
        0.0,
        0.0,
        1.0
      ],
      "fixed": true
    },
    {
      "name": "Part 1 <2>",
      "part": 2,
      "transform": [
        1.0000000000000195,
        1.6479873021779667e-16,
        2.7131075164277263e-15,
        0.003690152799486913,
        3.5744790374131474e-18,
        0.984807753012216,
        0.1736481776669331,
        0.03193132905883045,
        4.163336342344337e-17,
        -0.17364817766693177,
        0.9848077530122232,
        0.0037644514718949487,
        0.0,
        0.0,
        0.0,
        1.0
      ],
      "fixed": false
    },
    {
      "name": "Part 1 <3>",
      "part": 0,
      "transform": [
        0.9745235954976109,
        -0.22428500132289972,
        2.8275992658421956e-16,
        0.003690152799487285,
        -0.038946681757746994,
        -0.16922424645158415,
        0.9848077530122079,
        -0.026193299544704462,
        -0.22087760818714552,
        -0.9597183923393786,
        -0.1736481776669302,
        0.03980522768025544,
        0.0,
        0.0,
        0.0,
        1.0
      ],
      "fixed": false
    },
    {
      "name": "Part 1 <4>",
      "part": 1,
      "transform": [
        0.974523595497625,
        0.22428500132290113,
        7.706509042026966e-16,
        0.0036901527994868725,
        -0.03894668175774915,
        0.16922424645158635,
        -0.9848077530122047,
        0.08637022662459115,
        -0.22087760818715974,
        0.9597183923393855,
        0.17364817766692953,
        0.01995724097292528,
        0.0,
        0.0,
        0.0,
        1.0
      ],
      "fixed": false
    },
    {
      "name": "Part 1 <5>",
      "part": 4,
      "transform": [
        0.9745235954976114,
        -5.052382123782451e-16,
        0.22428500132290638,
        -0.05181608532060928,
        -0.03894668175774878,
        0.9848077530122054,
        0.16922424645158538,
        0.04484718126508286,
        -0.2208776081871568,
        -0.1736481776669307,
        0.95971839233938,
        0.06010018609000704,
        0.0,
        0.0,
        0.0,
        1.0
      ],
      "fixed": false
    }
  ],
  "mates": [
    {
      "name": "Planar 1",
      "mateType": "PLANAR",
      "occurrences": [
        0,
        1
      ],
      "frames": [
        [
          1.0000000000000002,
          0.0,
          -2.8918230754503907e-17,
          -0.009666000335789373,
          5.021598071871386e-18,
          0.9848077530122084,
          0.17364817766693041,
          0.04366492588776496,
          2.8478897850431524e-17,
          -0.17364817766693044,
          0.9848077530122081,
          -0.005452279616472164,
          0.0,
          0.0,
          0.0,
          1.0
        ],
        [
          1.0,
          -0.0,
          -0.0,
          -8.081196652257495e-06,
          0.0,
          1.0,
          -0.0,
          -0.00020202991630643885,
          0.0,
          0.0,
          1.0,
          0.0,
          0.0,
          0.0,
          0.0,
          1.0
        ]
      ]
    },
    {
      "name": "Fastened 1",
      "mateType": "FASTENED",
      "occurrences": [
        0,
        1
      ],
      "frames": [
        [
          1.0000000000000002,
          0.0,
          -2.8918230754503907e-17,
          0.014882810872918779,
          5.021598071871386e-18,
          0.9848077530122084,
          0.17364817766693041,
          0.06424626618510214,
          2.8478897850431524e-17,
          -0.17364817766693044,
          0.9848077530122081,
          -0.009081325210035088,
          0.0,
          0.0,
          0.0,
          1.0
        ],
        [
          1.0,
          -0.0,
          -0.0,
          0.010160000000000004,
          0.0,
          1.0,
          -0.0,
          0.006350000000000003,
          0.0,
          0.0,
          1.0,
          0.0,
          0.0,
          0.0,
          0.0,
          1.0
        ]
      ]
    },
    {
      "name": "Planar 2",
      "mateType": "PLANAR",
      "occurrences": [
        1,
        2
      ],
      "frames": [
        [
          1.0,
          0.0,
          0.0,
          -1.3010426069826053e-18,
          0.0,
          0.0,
          1.0,
          0.0635,
          0.0,
          -1.0,
          0.0,
          0.025400000000000002,
          0.0,
          0.0,
          0.0,
          1.0
        ],
        [
          1.0,
          0.0,
          0.0,
          0.0,
          0.0,
          1.0,
          0.0,
          2.332952152375708e-19,
          0.0,
          0.0,
          1.0,
          0.127,
          0.0,
          0.0,
          0.0,
          1.0
        ]
      ]
    },
    {
      "name": "Slider 1",
      "mateType": "SLIDER",
      "occurrences": [
        2,
        3
      ],
      "frames": [
        [
          1.0,
          0.0,
          0.0,
          0.0,
          0.0,
          -1.0,
          0.0,
          2.332952152375708e-19,
          0.0,
          0.0,
          -1.0,
          0.0,
          0.0,
          0.0,
          0.0,
          1.0
        ],
        [
          1.0,
          -0.0,
          -0.0,
          0.0,
          0.0,
          1.0,
          -0.0,
          6.221205739668557e-19,
          0.0,
          0.0,
          1.0,
          0.0762,
          0.0,
          0.0,
          0.0,
          1.0
        ]
      ]
    },
    {
      "name": "Revolute 2",
      "mateType": "REVOLUTE",
      "occurrences": [
        1,
        2
      ],
      "frames": [
        [
          1.0,
          0.0,
          0.0,
          -1.3010426069826053e-18,
          0.0,
          0.0,
          1.0,
          0.0635,
          0.0,
          -1.0,
          0.0,
          0.025400000000000002,
          0.0,
          0.0,
          0.0,
          1.0
        ],
        [
          1.0,
          0.0,
          0.0,
          0.0,
          0.0,
          1.0,
          0.0,
          2.332952152375708e-19,
          0.0,
          0.0,
          1.0,
          0.127,
          0.0,
          0.0,
          0.0,
          1.0
        ]
      ]
    },
    {
      "name": "Planar 3",
      "mateType": "PLANAR",
      "occurrences": [
        1,
        3
      ],
      "frames": [
        [
          1.0,
          -0.0,
          2.7318479936642617e-16,
          8.408668343989043e-18,
          2.7318479936642617e-16,
          0.0,
          -1.0,
          0.0508,
          0.0,
          1.0,
          0.0,
          0.019039893777160408,
          0.0,
          0.0,
          0.0,
          1.0
        ],
        [
          -0.0,
          -1.0,
          -0.0,
          -0.010160000000000004,
          1.0,
          -0.0,
          -0.0,
          1.2442411479337113e-18,
          -0.0,
          -0.0,
          1.0,
          0.0,
          0.0,
          0.0,
          0.0,
          1.0
        ]
      ]
    },
    {
      "name": "Planar 4",
      "mateType": "PLANAR",
      "occurrences": [
        3,
        4
      ],
      "frames": [
        [
          1.0,
          0.0,
          0.0,
          0.0063500000000000015,
          0.0,
          0.0,
          1.0,
          0.019049999999999997,
          0.0,
          -1.0,
          0.0,
          0.0254,
          0.0,
          0.0,
          0.0,
          1.0
        ],
        [
          1.0,
          -0.0,
          -0.0,
          -0.06858000000000002,
          0.0,
          1.0,
          -0.0,
          0.03047999999999999,
          0.0,
          0.0,
          1.0,
          0.0,
          0.0,
          0.0,
          0.0,
          1.0
        ]
      ]
    },
    {
      "name": "Fastened 2",
      "mateType": "FASTENED",
      "occurrences": [
        3,
        4
      ],
      "frames": [
        [
          1.0,
          0.0,
          0.0,
          0.0063500000000000015,
          0.0,
          0.0,
          1.0,
          0.019049999999999997,
          0.0,
          -1.0,
          0.0,
          0.016509999999999997,
          0.0,
          0.0,
          0.0,
          1.0
        ],
        [
          1.0,
          -0.0,
          -0.0,
          0.0676916316151619,
          0.0,
          1.0,
          -0.0,
          0.03135296626448631,
          0.0,
          0.0,
          1.0,
          0.0,
          0.0,
          0.0,
          0.0,
          1.0
        ]
      ]
    }
  ],
  "workspaceId": "9eb2ee28146de23f6db2ba89",
  "onshape_url": "https://cad.onshape.com/documents/00a8b01ca7ec295c9dc160ee/w/9eb2ee28146de23f6db2ba89/m/89708b196fd562c8408e7558/e/7a9170991cfad91c4d108dd3"
}